.Random.seed <-
c(403L, 11L, -2085632846L, -1168619260L, -1447022009L, -1232964323L, 
-1680551020L, 380397370L, -677819515L, 365822047L, 90145510L, 
740297072L, 1126216339L, -972780751L, 1109793248L, -253002114L, 
612361481L, -1739729093L, -532484342L, 1188908780L, 479779695L, 
-329675611L, 1845472860L, 1211246130L, 1642902829L, -2132343833L, 
-147283186L, 2059814120L, -568754453L, 423382921L, 1330367256L, 
549109318L, -1966240095L, -2089643725L, -42966878L, 334016404L, 
-1973592553L, 609839629L, 898752292L, -722482422L, -341408139L, 
751326671L, -206422314L, -1890704768L, -771470141L, 1152690785L, 
-660872496L, 149713966L, -1992795687L, -1883937301L, -371199910L, 
-1514495460L, -834301153L, 291825525L, 876916236L, -584394782L, 
473496765L, 176634679L, -154901538L, -546004712L, -1162117L, 
865966617L, 1577527976L, 2069692502L, 1019387089L, 1136609411L, 
469170962L, -363618652L, 1741662823L, 369091517L, -1702437580L, 
1988250L, -483015451L, 1520662143L, -1305313274L, -1527323760L, 
-190460365L, 1255914961L, 1317855104L, -200371618L, 2004314537L, 
-1650718629L, -931991446L, 621060364L, 518388559L, 7473157L, 
1795405500L, -2004717678L, -226263923L, -1204385081L, -905704530L, 
906503688L, 800012811L, -286606615L, 935650744L, 1345700454L, 
-2060095743L, -263370349L, 592077378L, -89790988L, 1575714807L, 
-2017246227L, -77403004L, -772746582L, -237049835L, -465727313L, 
-1389494602L, 1819700448L, 1273843747L, 1283452737L, 1056117296L, 
-1396920242L, 128413881L, -291765045L, 842516858L, -1493035908L, 
-122380097L, -1893481067L, -1288489556L, -271511678L, -135121571L, 
-1203352489L, -667047106L, 254145400L, -1522016165L, 1548756921L, 
106804744L, -867990346L, 501851121L, 759393827L, -2033594766L, 
-597052220L, -459832697L, -1117357475L, -140067756L, -955378054L, 
491283909L, -533870817L, -335469914L, 1324975152L, 1531623123L, 
116364529L, -387305440L, 20080318L, -1092603191L, 1181534331L, 
1996678730L, -631807316L, 1032582575L, -952822427L, 1103012636L, 
-526530702L, 320396269L, -1971524569L, -1154231218L, -872728408L, 
-1529276757L, -1150516279L, -548413480L, -1549846906L, -784863391L, 
1368204019L, -1517265566L, -375096364L, -968540457L, -378796851L, 
268551268L, 2075609674L, 1828704181L, 1418113807L, -1608347626L, 
-1945068864L, -1851622269L, 613877921L, -1252090224L, 776805742L, 
-1739379943L, 986689451L, -1005072998L, -218105508L, -8023969L, 
-1072029643L, -735710260L, 1763571490L, -1040823939L, 1227121271L, 
-1963385954L, -1421555112L, 1846174651L, 1474405721L, -988676376L, 
-217678058L, 772903057L, 1746382147L, -945113006L, 45697764L, 
-122368729L, -430664323L, 1369865332L, 1302160986L, -1706057051L, 
-76306241L, 1565891398L, -538973744L, 358054899L, 1085285137L, 
552694592L, 1435573022L, 1418191849L, 155248923L, 1235567402L, 
108495948L, -2015310833L, -253532347L, 995021052L, -1888706734L, 
333402317L, 525459591L, -725531794L, -1657391800L, 1207157067L, 
999535785L, 449005048L, -2049790682L, 1573490241L, -793065517L, 
-467346046L, -1329204812L, 462593335L, 726358128L, -1641932252L, 
260420152L, -1167400422L, 2117019856L, 1676252732L, 1775547540L, 
311616642L, -578269248L, 2071397692L, -225921392L, -524809182L, 
-2050390008L, -1407740788L, -1004586980L, -1414503278L, 1320889472L, 
1146584084L, -2052521176L, -1397191622L, -1792832304L, 1019792492L, 
-304712012L, -1134534638L, 306409440L, 993801164L, 1137964512L, 
1901362210L, -805341912L, 1475551500L, 1905290812L, -522865422L, 
201185520L, 1147938628L, 196210776L, 110311994L, -1630181136L, 
-1096322372L, 902742548L, 622361794L, 1013515872L, -1024117380L, 
470482128L, 974203938L, 422820008L, 1199676812L, 162773436L, 
-431032270L, 1938631488L, -1759742284L, 1245835592L, 1830478522L, 
-263637232L, -147978004L, -2122835884L, 1693421330L, 1089466784L, 
-168636468L, 1996322656L, 2095080642L, -876696024L, 649218476L, 
-1936473284L, 518247282L, -772057296L, -253949916L, -426500552L, 
600457946L, 333712L, 1719307516L, 1115514260L, 1195504450L, 1600125440L, 
-1889593284L, 960445008L, 562077858L, -1569979576L, -792866292L, 
-1872792868L, -921196462L, 998431872L, 1077800788L, -1042579480L, 
1861790458L, -1069449392L, -830716884L, 116679028L, -535193966L, 
225688160L, 702224524L, -1031911072L, -873670430L, -1242676056L, 
382373580L, 1103288828L, -823696462L, -959792144L, -358508092L, 
-1896469160L, -709506694L, 988281264L, -784956996L, 1825111636L, 
-442340926L, 303500064L, 91872188L, -140222384L, 634823650L, 
-438171800L, -1916510388L, -1101807876L, -1784299790L, -19432192L, 
-256920460L, 1183686152L, -93250118L, 716899792L, -2117869588L, 
1156512660L, -2103389998L, 2081819744L, 1542001996L, 163031840L, 
77429378L, -1203789336L, -295296020L, -1377728964L, 1599651442L, 
99324784L, -1942254300L, 87525944L, -1782615654L, 1770030544L, 
-1583925828L, -679975276L, -650558846L, 819815872L, 2099367740L, 
-1991396720L, 447973154L, 124917256L, 559452940L, 1044007836L, 
771564562L, -1756433536L, -1489458412L, -1913019096L, -770199494L, 
-1942662192L, -135067028L, -78468044L, -672671598L, 1771045216L, 
-106668724L, 1772391904L, -67996766L, 128031656L, -695112564L, 
421905340L, 967879794L, 1418741744L, -1069042620L, 1942620248L, 
-1178263494L, -633122704L, 549324348L, -566409452L, 449485506L, 
1136902880L, -1543558020L, 1297231056L, 682130338L, 1459580456L, 
1014515980L, 1594103740L, 1139775794L, 87359680L, -1928056268L, 
1375931080L, -1201919302L, 1677980816L, 2015614700L, 1085832788L, 
1149011602L, 188892960L, -1137543220L, -1203207968L, 262586050L, 
1961604136L, -396158036L, -1945093444L, 1066191346L, 1855952432L, 
597456804L, 227684792L, -1587133606L, -1508723568L, 987736956L, 
826812180L, -1440658110L, -1085264128L, -392293444L, -542716080L, 
682576162L, -632921528L, 672469004L, -808348580L, 875590098L, 
-1827111424L, 2029658452L, 1930367208L, -538287878L, -988248368L, 
-255831764L, -661905164L, 1115311506L, 219240800L, -2050435060L, 
-1114701088L, 973236834L, -887012696L, -1023120820L, -313970820L, 
-327445198L, 2009704048L, -1069059260L, -24959016L, 76105511L, 
2118854992L, 1710495726L, 186775707L, 639341309L, -214205974L, 
812622472L, -1164544975L, -649087325L, -682619228L, -1920225454L, 
238864039L, -574186767L, 1847521846L, -1965134124L, 1270510181L, 
1628221551L, -1196424536L, -649080826L, 84823347L, -1287913067L, 
-1955209742L, -332037568L, 1854364585L, 1443386907L, -1642156052L, 
1021147130L, -720417745L, -708563911L, -1863926194L, 2046283420L, 
656327693L, 1482610807L, -596520832L, 846210782L, -1321722453L, 
-534196563L, 1598173978L, 680119256L, -1421936575L, 560735987L, 
2074609940L, 357858466L, -289588809L, 934550913L, -1784513658L, 
843143620L, 136155381L, 621863263L, 665430968L, 861527702L, -692533085L, 
-150359451L, 1958770562L, -1838560016L, -61823847L, 1322310795L, 
670508412L, 1464198058L, -1865436193L, -215230103L, -498780802L, 
-2083302036L, -750711363L, -1277546873L, 677804656L, -1496628978L, 
-1180168645L, 666680605L, -661551158L, 1068282088L, -1609432111L, 
1325213123L, 1390067396L, 477955442L, -890546105L, -1911927791L, 
1190882710L, -1747898124L, 410000005L, 1569018831L, -57238840L, 
-1145595034L, -2102648429L, -1512314123L, 461161170L, 1166077216L, 
1121551625L, 1045037627L, -1692166260L, -520178150L, 2136714895L, 
-1816794663L, -2090099090L, 1622916604L, 195479405L, -163368681L, 
380755168L, -1585442114L, 241737867L, 9649933L, 208244538L, 26183544L, 
539335969L, 997866963L, -213697292L, -956418686L, -1923452905L, 
-1495984415L, 608768038L, -693320412L, 1159015893L, -124284545L, 
333041688L, 463302454L, 930544067L, 1182971909L, 1316928418L, 
991356816L, 1958134585L, 1360058347L, -2117109540L, 44329226L, 
-62040065L, -1071228343L, 223887326L, -56651892L, -1270104227L, 
1070376807L, 370400400L, 1258681006L, 1805119323L, 1287290685L, 
830111146L, -2064936376L, 636990065L, 1642939363L, -1081594140L, 
-1424001518L, -1216822809L, 1844968881L, -37811210L, 864601620L, 
-1572427483L, -1831136721L, 152733672L, -20320058L, 1289807219L, 
-1071862315L, 1936724402L, -1864749184L, 1079702377L, 853710811L, 
